,Australia,Belgium,Brazil,Bulgaria,Canada,China,Colombia,Finland,France,Germany,Hong Kong,India,Indonesia,Ireland,Italy,Japan,Kuwait,Macau,Malaysia,Mongolia,New Zealand,Philippines,Poland,Romania,Russia,Singapore,Slovenia,South Africa,South Korea,Spain,Sweden,Switzerland,Taiwan,Thailand,United Kingdom,United States,Vietnam
2003-03-17,322.0,78,323.0,40.0,150.0,116,199.66666666666666,57.0,166,74,277,319.0,328.0,137,162,261.0,280.0,247.0,322.0,16,216,322.85714285714283,15,102,30,328.0,140,307.0,71,124,106,162,225,340.0,124,178,288.0
2003-03-18,311.0,69,322.25,53.0,110.0,134,195.0,63.0,150,138,239,316.0,326.5,127,188,222.0,317.0,225.0,330.0,29,220,324.07142857142856,40,98,17,326.5,136,257.6666666666667,101,147,98,188,150,338.0,148,217,253.0
2003-03-19,319.0,68,321.5,66.0,140.0,143,197.0,49.0,171,49,148,306.0,325.0,111,183,178.0,331.0,162.0,337.0,31,214,325.2857142857143,35,100,17,325.0,139,208.33333333333331,97,147,106,183,146,348.0,144,106,227.0
2003-03-20,331.0,49,320.75,100.0,170.0,97,199.0,-24.0,166,43,120,309.0,315.0,113,211,189.0,323.0,136.0,323.0,-4,217,326.5,32,120,12,315.0,186,159.0,93,174,68,211,123,344.0,99,72,207.5
2003-03-21,339.0,85,320.0,70.0,130.0,117,201.0,-22.0,123,39,201,320.0,327.0,153,178,183.0,315.0,179.0,330.0,18,219,327.7142857142857,-44,76,-44,327.0,91,211.5,98,181,34,178,195,325.0,144,139,188.0
2003-03-22,308.0,110,319.6363636363636,35.0,170.0,112,203.0,74.0,181,89,221,340.0,330.0,136,155,178.0,270.0,207.0,320.5,57,225,328.92857142857144,-3,30,-30,330.0,77,264.0,124,167,66,155,181,349.0,183,189,217.0
2003-03-23,300.0,136,319.27272727272725,52.5,100.0,117,205.0,60.0,201,145,190,335.0,326.0,139,149,206.0,345.0,189.0,311.0,71,229,330.14285714285717,23,54,-17,326.0,103,264.0,93,161,111,149,159,342.0,161,172,215.0
2003-03-24,320.0,122,318.90909090909093,70.0,100.0,175,207.0,66.0,217,182,222,325.0,324.5,160,209,200.0,348.0,224.0,327.0,101,219,331.35714285714283,102,100,25,324.5,198,175.0,94,180,114,209,183,335.0,163,194,205.0
2003-03-25,320.0,115,318.54545454545456,163.0,100.0,204,209.0,35.0,214,146,269,327.0,323.0,154,219,222.0,369.0,240.0,281.0,99,239,332.57142857142856,86,180,44,323.0,212,167.0,105,170,122,219,241,350.0,164,244,220.0
2003-03-26,320.0,106,318.1818181818182,179.0,130.0,183,201.0,57.0,212,118,277,320.0,313.0,144,219,222.0,390.0,248.5,316.0,35,246,333.7857142857143,55,196,9,313.0,208,208.0,103,168,123,219,255,296.0,177,239,248.0
2003-03-27,312.0,76,317.8181818181818,170.0,100.0,147,200.0,76.0,208,141,276,319.0,307.0,149,219,239.0,327.0,257.0,320.5,37,241,335.0,74,180,59,307.0,208,279.0,94,116,141,219,294,342.0,145,183,244.0
2003-03-28,294.0,154,317.45454545454544,175.0,100.0,164,196.66666666666666,37.0,181,144,252,336.0,314.0,135,219,194.0,259.0,224.0,325.0,108,205,334.0,97,196,105,314.0,194,285.0,110,142,113,219,182,342.0,162,150,258.0
2003-03-29,315.0,129,317.09090909090907,175.0,150.0,208,193.33333333333334,16.0,200,163,222,340.0,316.0,143,189,194.0,258.0,210.0,316.0,126,212,333.0,123,193,78,316.0,177,315.0,120,184,135,189,211,322.0,156,244,276.0
2003-03-30,328.0,76,316.72727272727275,181.0,200.0,209,190.0,-1.0,222,173,234,322.0,323.0,146,213,222.0,302.0,227.0,324.0,104,219,332.0,143,196,101,323.0,191,345.0,98,126,110,213,231,333.0,146,94,300.0
2003-03-31,345.0,77,316.3636363636364,201.0,170.0,164,203.0,-43.0,185,124,262,328.0,330.0,152,224,239.0,375.0,261.0,313.0,100,206,340.0,106,162,66,330.0,198,292.5,171,175,36,224,256,337.0,122,67,315.0
2003-04-01,322.0,87,316.0,141.0,100.0,153,216.0,-21.0,186,151,279,339.0,311.0,113,213,250.0,357.0,256.0,322.0,111,204,335.0,11,125,35,311.0,152,240.0,144,198,35,213,279,335.0,119,183,330.0
2003-04-02,304.0,72,305.0,154.0,0.0,162,212.5,-5.0,105,130,297,358.0,329.0,137,153,267.0,339.0,253.0,323.0,140,202,335.5,33,174,-17,329.0,123,327.0,181,180,34,153,289,352.0,143,272,357.0
2003-04-03,312.0,66,294.0,168.0,10.0,169,209.0,19.0,91,97,293,360.0,335.0,136,134,239.0,301.0,251.0,324.0,141,197,336.0,116,200,36,335.0,48,327.0,134,154,32,134,241,363.0,189,272,368.5
2003-04-04,302.0,79,266.0,182.0,40.0,207,214.0,10.0,123,104,261,329.0,332.0,186,137,217.0,321.0,250.0,321.0,144,208,320.0,81,143,52,332.0,106,218.0,156,176,103,137,169,362.0,162,156,380.0
2003-04-05,289.0,74,268.0,135.0,90.0,242,219.0,-13.0,158,92,231,346.0,329.0,149,195,200.0,361.0,216.0,328.5,160,199,326.0,39,108,50,329.0,156,272.0,197,175,74,195,195,367.0,101,172,225.0
2003-04-06,269.0,70,270.0,46.0,80.0,203,224.0,1.0,109,49,215,342.0,326.0,102,194,206.0,397.0,224.0,336.0,151,194,332.0,14,72,33,326.0,90,328.0,197,232,8,194,196,360.0,101,128,255.0
2003-04-07,284.0,58,272.0,-3.0,120.0,196,222.0,-6.0,94,20,198,356.0,336.0,112,111,228.0,390.0,232.0,332.0,101,194,345.0,14,42,27,336.0,46,344.0,128,212,20,111,172,353.0,96,83,267.0
2003-04-08,304.0,52,274.0,30.0,220.0,168,225.0,21.0,98,45,267,371.5,330.0,115,143,228.0,371.5,241.0,324.0,72,190,340.0,0,23,50,330.0,106,344.0,102,194,18,143,205,350.0,88,44,263.0
2003-04-09,316.0,47,276.0,90.0,200.0,124,200.0,73.0,133,26,225,387.0,314.0,114,137,228.0,353.0,203.0,327.0,146,200,347.0,4,99,77,314.0,104,219.0,117,200,42,137,196,351.0,77,61,270.0
2003-04-10,298.0,50,278.0,130.0,220.0,87,195.33333333333334,89.0,99,45,201,399.0,318.0,86,78,222.0,358.5,221.5,335.0,101,215,354.0,52,124,51,318.0,86,195.0,96,174,26,78,176,352.0,97,128,308.0
2003-04-11,332.0,79,273.3333333333333,210.0,225.0,146,190.66666666666666,63.0,116,95,255,407.0,304.0,96,149,239.0,364.0,240.0,329.0,89,195,353.0,74,158,37,304.0,110,321.0,91,148,25,149,206,349.0,143,83,318.0
2003-04-12,341.0,101,268.6666666666667,159.0,182.5,188,186.0,59.0,167,124,269,402.0,301.0,112,136,228.0,388.0,246.5,331.0,86,200,351.5,53,190,100,301.0,72,321.0,181,117,42,136,268,355.0,177,211,385.0
2003-04-13,330.0,160,264.0,108.0,140.0,225,186.5,56.0,196,154,289,397.0,328.0,137,212,250.0,375.0,253.0,333.0,131,197,350.0,101,142,86,328.0,174,226.0,183,232,93,212,242,365.0,187,183,380.0
2003-04-14,298.0,190,269.3333333333333,85.0,125.0,259,187.0,34.0,221,175,246,394.0,325.0,175,219,233.0,362.0,248.0,335.0,171,181,350.0,108,155,115,325.0,168,186.0,186,152,116,219,176,374.0,235,228,246.0
2003-04-15,321.0,219,274.6666666666667,112.5,120.0,258,176.0,73.0,245,199,237,391.0,306.0,214,211,217.0,324.0,221.0,333.0,215,230,352.0,97,193,108,306.0,140,233.0,203,170,142,211,227,356.0,263,289,265.0
2003-04-16,294.0,191,280.0,140.0,160.0,250,202.5,70.0,248,196,239,375.0,319.0,222,237,244.0,349.0,226.0,334.0,204,228,340.0,120,127,90,319.0,202,246.0,162,174,168,237,244,358.5,231,294,280.0
2003-04-17,295.0,155,285.3333333333333,126.0,170.0,211,229.0,85.0,258,209,296,377.0,300.0,201,235,244.0,319.0,254.0,337.0,100,209,356.0,150,174,138,300.0,180,249.5,131,200,145,235,276,361.0,214,211,315.0
2003-04-18,272.0,118,290.6666666666667,112.0,180.0,163,223.5,93.0,239,95,306,391.0,298.5,160,250,250.0,289.0,277.0,334.0,76,166,343.0,145,136,138,298.5,187,253.0,112,210,98,250,285,355.0,107,61,335.0
2003-04-19,270.0,101,296.0,67.0,170.0,182,218.0,137.0,177,143,288,384.0,297.0,120,162,256.0,288.0,273.0,337.0,19,152,330.0,144,120,149,297.0,151,253.0,140,133,122,162,293,366.0,148,161,331.0
2003-04-20,282.0,143,292.0,111.0,215.0,175,211.5,158.0,169,212,313,358.0,324.0,126,171,267.0,303.0,281.0,326.0,95,198,330.0,161,171,153,324.0,182,295.0,127,127,162,171,310,371.0,154,211,362.0
2003-04-21,280.0,154,294.25,155.0,240.0,188,205.0,155.0,181,205,324,373.0,326.0,101,202,283.0,356.0,292.0,331.5,124,199,325.0,179,184,162,326.0,183,257.3333333333333,169,175,183,202,254,359.0,164,200,290.0
2003-04-22,275.0,103,296.5,120.0,260.0,157,234.0,115.0,219,215,308,380.0,321.0,159,244,228.0,340.0,269.0,337.0,129,200,332.0,142,192,184,321.0,204,219.66666666666669,114,164,199,244,289,358.0,187,189,304.0
2003-04-23,270.0,93,298.75,147.0,260.0,226,263.0,28.0,223,196,316,400.0,315.0,150,255,261.0,329.0,288.0,338.0,157,169,340.0,152,182,184,315.0,210,182.0,115,158,143,255,311,369.0,148,172,310.0
2003-04-24,271.0,185,301.0,147.0,240.0,268,292.0,14.0,228,194,330,412.0,323.0,137,279,261.0,325.0,293.0,339.0,177,177,340.0,168,142,170,323.0,208,223.0,165,182,89,279,309,352.0,161,183,317.0
2003-04-25,271.0,194,310.5,160.0,180.0,263,207.0,33.0,256,209,312,427.0,332.0,173,256,283.0,318.0,300.0,344.0,200,148,340.0,111,184,48,332.0,225,246.0,204,218,91,256,314,362.0,154,211,317.0
2003-04-26,289.0,115,320.0,183.0,50.0,282,194.0,43.0,171,205,327,417.0,317.0,162,238,244.0,341.0,318.0,343.0,190,157,340.0,72,212,15,317.0,228,258.0,217,207,89,238,269,363.0,163,167,315.0
2003-04-27,294.0,111,320.0,202.0,90.0,298,192.0,23.0,181,169,311,360.0,337.0,167,257,244.0,376.0,280.0,339.0,200,184,352.0,94,185,40,337.0,171,258.0,190,225,56,257,266,373.0,145,217,310.0
2003-04-28,320.0,173,320.0,195.0,110.0,244,220.0,61.0,255,184,318,357.0,321.0,132,238,256.0,352.0,278.0,344.0,152,157,350.0,155,196,65,321.0,196,233.0,172,247,52,238,288,382.0,156,261,311.0
2003-04-29,303.0,134,320.0,246.0,120.0,255,248.0,56.0,192,211,317,369.0,334.0,161,258,272.0,328.0,303.0,335.5,149,183,340.0,189,248,120,334.0,206,233.0,167,197,48,258,305,347.0,160,239,314.0
2003-04-30,307.0,142,320.0,285.0,130.0,300,221.5,44.0,152,221,293,389.0,325.0,139,203,261.0,312.0,290.0,327.0,271,183,338.0,211,279,145,325.0,234,230.0,174,187,175,203,255,368.0,162,239,274.0
2003-05-01,301.0,118,313.0,295.5,190.0,312,195.0,35.0,183,178,293,400.0,320.0,164,258,256.0,304.0,270.0,337.0,324,194,345.0,198,286,210,320.0,246,229.0,215,190,148,258,250,348.0,132,267,298.0
2003-05-02,246.0,145,302.0,306.0,190.0,292,184.0,56.0,178,202,284,410.0,316.0,145,219,261.0,331.0,272.0,325.0,258,178,340.0,194,299,162,316.0,265,228.0,197,220,113,219,260,359.0,174,267,302.0
2003-05-03,260.0,121,230.0,292.0,125.0,268,192.0,56.0,184,161,272,372.0,300.0,133,283,267.0,395.0,255.0,331.0,195,176,345.0,216,294,168,300.0,252,265.0,152,254,99,283,248,346.0,212,194,327.0
2003-05-04,260.0,215,226.0,278.0,50.0,254,200.0,96.0,278,218,272,352.0,319.0,153,293,272.0,362.0,281.0,312.0,198,168,347.5,189,228,127,319.0,237,265.0,189,260,50,293,232,365.0,164,178,360.0
2003-05-05,236.0,180,222.0,276.0,20.0,248,201.5,83.0,194,300,300,373.0,312.0,142,301,261.0,347.0,280.0,335.0,229,152,350.0,152,270,127,312.0,277,176.0,231,222,124,301,249,374.0,171,106,386.0
2003-05-06,249.0,124,223.0,274.0,40.0,264,203.0,44.0,144,235,321,381.0,337.0,149,319,294.0,362.0,279.0,333.0,115,178,354.0,209,288,179,337.0,312,213.66666666666666,206,135,120,319,275,380.0,196,172,387.0
2003-05-07,250.0,127,224.0,272.0,50.0,233,204.5,73.0,219,195,317,375.0,334.0,168,324,306.0,363.0,282.0,336.0,90,171,354.5,230,290,246,334.0,297,251.33333333333331,174,175,152,324,291,386.0,158,267,402.0
2003-05-08,253.0,135,225.0,264.0,30.0,200,206.0,89.0,210,264,305,378.0,325.0,152,328,294.0,403.0,302.0,337.0,165,176,355.0,174,322,201,325.0,304,289.0,161,168,170,328,266,373.0,171,244,341.0
2003-05-09,265.0,124,226.0,256.0,90.0,248,186.0,111.0,163,191,292,391.0,309.0,147,307,267.0,421.0,264.0,312.0,180,163,332.5,217,323,193,309.0,287,285.7857142857143,200,220,170,307,257,345.0,142,189,334.0
2003-05-10,269.0,131,236.0,248.0,150.0,248,191.0,88.0,183,184,289,410.0,302.0,154,246,244.0,408.0,279.0,307.0,207,166,310.0,204,308,226,302.0,234,282.57142857142856,204,253,166,246,272,335.0,164,200,327.0
2003-05-11,260.0,129,246.0,240.0,190.0,213,196.0,142.0,196,229,322,413.0,330.0,148,283,256.0,374.0,286.0,333.0,169,182,332.0,222,314,244,330.0,270,279.35714285714283,165,262,178,283,282,352.0,139,278,325.0
2003-05-12,260.0,123,256.0,232.0,200.0,255,195.0,159.0,176,214,313,406.0,308.0,135,290,272.0,371.0,293.0,298.0,189,160,345.0,183,316,235,308.0,289,276.14285714285717,172,264,169,290,297,342.0,137,200,330.0
2003-05-13,255.0,106,266.0,224.0,220.0,262,194.0,177.5,159,171,325,375.0,322.0,148,301,272.0,399.0,297.0,306.0,125,171,350.0,230,303,218,322.0,271,272.92857142857144,189,270,185,301,300,322.0,157,178,322.0
2003-05-14,260.0,104,269.6,216.0,250.0,225,193.0,196.0,157,156,317,394.0,310.0,143,254,294.0,408.0,299.0,306.0,108,171,350.0,276,272,252,310.0,185,269.7142857142857,235,259,160,254,295,340.0,161,228,339.0
2003-05-15,285.0,113,273.2,208.0,230.0,221,192.5,145.0,176,145,323,408.0,326.0,136,244,256.0,376.0,302.0,328.0,139,178,360.0,243,192,238,326.0,175,266.5,228,262,146,244,269,354.0,137,233,361.0
2003-05-16,295.0,149,276.8,200.0,175.0,225,192.0,126.0,207,157,326,406.0,328.0,175,241,250.0,377.0,299.0,329.3333333333333,155,162,334.0,153,196,208,328.0,194,263.2857142857143,246,236,163,241,245,348.0,161,161,382.0
2003-05-17,290.0,149,280.4,184.0,120.0,268,188.0,186.0,180,204,313,414.5,329.0,167,254,272.0,378.0,303.0,330.6666666666667,191,160,330.0,142,227,178,329.0,228,260.07142857142856,242,258,170,254,216,345.0,168,106,381.0
2003-05-18,320.0,134,284.0,210.0,120.0,285,184.0,164.0,182,209,286,423.0,330.0,158,281,267.0,353.0,269.0,332.0,212,161,348.0,187,210,168,330.0,255,256.85714285714283,231,282,196,281,233,342.0,172,122,380.0
2003-05-19,340.0,128,277.0,207.0,160.0,276,180.0,158.0,166,182,308,423.0,331.0,135,293,261.0,352.0,271.0,334.0,217,184,350.0,189,259,219,331.0,269,253.64285714285714,221,285,207,293,256,347.0,155,217,295.0
2003-05-20,309.0,125,282.25,194.33333333333334,205.0,310,195.33333333333334,121.0,178,186,324,426.0,332.0,155,248,261.0,398.0,313.0,334.0,256,185,348.0,223,284,225,332.0,198,250.42857142857144,247,257,180,248,301,355.0,155,239,310.0
2003-05-21,280.0,126,287.5,181.66666666666666,202.5,310,210.66666666666666,158.0,153,178,333,437.0,333.0,151,267,267.0,381.0,305.0,334.0,267,179,335.0,241,242,254,333.0,166,247.21428571428572,262,269,171,267,286,354.0,165,172,321.0
2003-05-22,276.0,130,292.75,169.0,200.0,295,226.0,145.0,202,189,326,391.0,334.0,198,273,261.0,385.0,301.0,330.0,279,181,326.0,176,142,276,334.0,213,244.0,239,292,185,273,292,344.0,177,156,336.0
2003-05-23,265.0,131,298.0,187.66666666666666,270.0,249,212.0,116.0,258,190,327,345.0,331.0,165,302,239.0,402.0,314.0,324.0,234,175,318.0,202,213,278,331.0,245,233.5,230,321,172,302,254,346.0,174,133,348.0
2003-05-24,272.0,134,278.0,206.33333333333334,295.0,287,206.0,129.0,140,292,335,379.0,334.0,156,297,244.0,385.0,305.0,318.0,268,160,312.0,237,246,221,334.0,254,223.0,194,230,181,297,311,344.0,178,200,361.0
2003-05-25,258.0,129,230.0,225.0,262.5,303,200.0,181.0,169,284,318,377.0,337.0,168,308,244.0,356.0,321.0,327.0,230,167,298.0,271,253,253,337.0,267,225.5,241,198,231,308,268,338.0,186,189,335.0
2003-05-26,248.0,149,218.0,214.0,230.0,275,201.0,194.0,193,213,312,395.0,340.0,165,269,256.0,385.0,290.0,337.0,235,159,290.0,299,254,232,340.0,275,228.0,256,220,223,269,286,338.0,173,217,350.0
2003-05-27,235.0,152,225.75,225.0,260.0,298,201.0,181.0,215,226,316,403.0,343.0,189,307,261.0,361.0,284.0,341.0,298,156,284.0,309,271,267,343.0,267,122.0,233,250,198,307,275,346.0,216,161,376.0
2003-05-28,241.0,170,233.5,220.0,300.0,275,199.0,131.0,252,238,311,415.0,341.0,187,324,272.0,403.0,280.0,339.0,186,160,278.0,258,268,226,341.0,283,167.0,206,273,193,324,282,353.0,251,200,345.0
2003-05-29,228.0,177,241.25,230.0,270.0,317,198.5,143.0,275,257,331,416.0,341.0,194,321,283.0,434.0,282.0,340.5,250,148,275.0,185,261,182,341.0,266,177.5,224,300,213,321,298,350.0,252,200,287.0
2003-05-30,245.0,181,249.0,205.0,260.0,283,198.0,159.0,293,277,340,424.0,333.0,239,299,272.0,361.0,334.0,342.0,243,163,284.0,216,248,150,333.0,269,188.0,258,313,214,299,313,341.0,276,261,272.0
2003-05-31,255.0,192,256.75,232.0,230.0,297,197.5,138.0,301,279,348,438.0,332.5,222,330,261.0,377.0,320.0,341.0,283,173,293.0,246,265,210,332.5,282,198.0,285,319,169,330,296,344.0,224,228,307.0
2003-06-01,258.0,228,264.5,257.0,250.0,324,197.0,108.0,301,269,347,437.0,332.0,197,318,261.0,368.0,310.0,329.0,295,164,280.0,219,286,184,332.0,248,215.0,274,280,188,318,294,339.0,221,206,302.0
2003-06-02,252.0,223,272.25,260.0,170.0,306,196.5,147.0,222,289,335,442.0,335.0,193,313,267.0,395.0,300.0,327.5,244,174,294.0,170,262,116,335.0,217,215.0,275,265,237,313,300,325.5,201,222,316.0
2003-06-03,266.0,206,280.0,258.0,180.0,295,196.0,145.0,267,309,297,456.0,343.0,146,290,250.0,424.0,301.0,326.0,307,176,280.0,171,264,63,343.0,270,205.0,276,284,236,290,284,312.0,206,167,322.0
2003-06-04,269.0,236,264.0,256.0,150.0,317,200.0,137.0,254,324,328,456.0,339.0,165,309,267.0,407.0,298.0,329.0,254,166,315.0,198,282,155,339.0,297,142.0,260,256,262,309,291,333.0,207,150,315.0
2003-06-05,280.0,162,244.0,268.0,200.0,310,201.0,131.0,238,311,329,424.0,339.0,187,335,267.0,403.3333333333333,308.0,337.0,257,173,315.0,257,294,170,339.0,314,102.0,259,280,262,335,295,349.0,189,239,326.0
2003-06-06,261.0,189,268.0,280.0,150.0,358,201.0,154.0,254,246,320,431.0,336.5,209,334,267.0,399.6666666666667,292.0,336.0,259,183,326.0,259,303,182,336.5,313,124.0,224,306,232,334,262,352.0,225,256,364.0
2003-06-07,248.0,189,292.0,298.0,250.0,311,201.0,149.0,286,284,285,422.0,334.0,190,343,250.0,396.0,279.0,334.0,190,169,318.0,226,308,140,334.0,313,153.0,234,330,222,343,228,349.0,204,206,360.0
2003-06-08,199.0,182,293.0,263.0,250.0,264,201.0,166.0,249,325,326,397.0,332.0,194,343,267.0,391.0,301.0,332.0,207,176,310.0,241,292,175,332.0,299,164.0,207,333,228,343,268,354.0,202,228,370.0
2003-06-09,222.0,168,292.0,274.5,180.0,230,201.0,151.0,273,218,284,415.0,329.0,177,353,272.0,397.3333333333333,260.0,326.0,165,167,313.0,286,306,229,329.0,323,164.0,213,330,212,353,274,342.0,218,267,360.0
2003-06-10,226.0,195,291.0,286.0,190.0,267,190.0,122.0,275,266,294,426.0,326.0,189,358,261.0,403.6666666666667,271.0,332.0,116,128,316.0,211,307,237,326.0,331,180.5,224,336,215,358,286,358.0,205,272,369.0
2003-06-11,240.0,164,290.0,289.0,210.0,234,183.0,120.0,293,269,293,425.0,316.0,193,369,278.0,410.0,255.0,329.0,120,132,320.0,227,316,161,316.0,356,197.0,208,350,139,369,264,354.0,218,294,369.0
2003-06-12,244.0,174,280.0,292.0,250.0,216,182.0,121.0,307,270,307,434.0,320.0,194,386,300.0,423.5,285.0,337.0,174,143,320.0,205,332,168,320.0,337,217.0,246,342,218,386,305,350.0,222,300,344.0
2003-06-13,251.0,167,283.0,303.5,280.0,247,184.0,123.0,311,247,285,427.0,334.0,190,384,294.0,437.0,272.0,327.0,225,141,317.0,234,324,183,334.0,351,217.0,225,351,183,384,296,350.0,238,289,374.0
2003-06-14,247.0,167,286.0,315.0,240.0,296,184.5,125.0,289,225,306,435.0,332.5,206,377,317.0,441.0,280.0,325.0,226,152,323.0,193,318,135,332.5,314,216.0,216,292,186,377,277,356.0,261,306,307.0
2003-06-15,212.0,168,286.0,294.0,250.0,297,185.0,130.0,292,236,275,420.0,331.0,207,373,311.0,451.0,279.0,331.0,260,162,314.0,203,288,189,331.0,305,227.0,231,329,184,373,237,353.0,266,244,308.0
2003-06-16,207.0,189,286.0,273.0,280.0,332,238.0,121.0,278,227,311,425.0,316.0,198,353,289.0,416.0,298.0,339.0,286,150,302.0,185,274,129,316.0,309,238.0,244,329,176,353,278,352.0,252,233,334.0
2003-06-17,171.0,222,280.0,255.0,280.0,341,187.0,139.0,243,245,337,396.0,300.0,201,285,278.0,412.0,313.0,332.0,248,151,274.0,191,260,175,300.0,286,238.0,261,325,205,285,320,334.0,202,178,332.0
2003-06-18,218.0,167,274.0,240.5,320.0,327,179.5,161.0,233,210,347,336.0,322.0,211,337,289.0,418.0,319.0,325.0,276,150,302.0,187,280,180,322.0,249,162.0,240,328,219,337,328,335.0,224,250,338.0
2003-06-19,236.0,173,264.0,226.0,250.0,315,172.0,175.0,276,225,346,355.0,331.0,201,342,272.0,419.0,320.0,318.0,310,155,308.0,215,256,173,331.0,285,233.0,226,338,171,342,329,334.0,217,278,361.0
2003-06-20,224.0,160,254.0,226.0,240.0,349,180.5,191.0,280,200,333,338.0,331.5,187,364,306.0,396.5,313.0,323.0,288,155,320.0,186,261,177,331.5,313,236.0,270,345,147,364,312,328.0,245,206,362.0
2003-06-21,211.0,163,248.0,235.5,190.0,323,189.0,201.0,299,179,311,356.0,332.0,202,374,300.0,374.0,285.0,333.0,300,157,327.5,150,252,176,332.0,264,236.0,217,358,191,374,280,337.0,277,206,372.0
2003-06-22,196.0,219,242.0,245.0,170.0,282,185.0,213.0,363,211,290,376.0,332.0,206,361,306.0,395.0,301.0,320.0,242,155,335.0,193,245,176,332.0,311,232.0,209,360,212,361,301,323.0,224,250,345.0
2003-06-23,209.0,213,249.0,290.0,150.0,312,184.66666666666666,231.0,270,270,315,330.0,338.0,185,358,300.0,390.0,306.0,320.0,207,168,318.0,201,304,161,338.0,329,198.0,207,342,224,358,320,310.0,236,306,365.0
2003-06-24,148.0,171,256.0,316.0,170.0,350,184.33333333333334,222.0,295,233,335,376.0,326.0,195,356,300.0,392.0,309.0,325.0,263,146,312.5,175,337,187,326.0,334,164.0,239,287,174,356,341,338.0,222,311,371.0
2003-06-25,160.0,175,263.0,282.0,230.0,347,184.0,240.0,312,181,317,355.0,300.0,220,372,306.0,382.0,300.0,331.0,282,140,307.0,196,290,202,300.0,340,180.5,276,305,228,372,301,348.0,236,322,372.0
2003-06-26,201.0,194,252.0,279.0,260.0,305,180.33333333333334,221.0,257,224,319,385.0,305.0,219,373,311.0,383.0,304.0,327.0,234,119,320.0,213,258,212,305.0,284,197.0,244,330,251,373,312,351.0,204,328,360.0
2003-06-27,217.0,187,252.0,276.0,250.0,325,176.66666666666666,223.0,241,239,303,362.0,310.0,168,346,311.0,383.0,301.5,320.0,205,112,330.0,217,258,194,310.0,279,197.0,266,329,240,346,279,345.0,229,306,363.0
2003-06-28,257.0,180,251.0,273.0,240.0,306,173.0,213.0,271,272,320,378.0,330.0,183,321,317.0,378.5,299.0,323.0,184,151,328.0,217,258,165,330.0,288,182.0,270,330,227,321,311,339.0,257,272,349.0
2003-06-29,298.0,184,250.0,270.0,290.0,322,172.0,218.0,333,290,334,388.0,311.0,195,319,311.0,374.0,309.0,320.0,247,163,340.0,213,291,130,311.0,224,193.5,291,302,183,319,317,344.0,186,300,336.0
2003-06-30,287.0,180,240.0,290.0,330.0,309,171.0,246.0,219,256,332,367.0,327.0,161,339,311.0,380.0,305.0,314.0,271,166,338.0,236,304,151,327.0,290,205.0,273,230,209,339,321,308.0,202,317,340.0
2003-07-01,250.0,173,245.42857142857142,310.0,280.0,329,184.0,258.0,201,234,340,374.5,324.0,196,328,317.0,383.0,311.0,286.0,290,134,336.0,243,339,197,324.0,308,201.0,287,247,173,328,337,287.0,208,283,356.0
2003-07-02,200.0,158,250.85714285714286,330.0,250.0,294,184.33333333333334,276.0,199,227,342,382.0,324.0,211,320,317.0,415.0,318.0,304.0,270,134,324.0,245,304,235,324.0,260,199.0,257,260,173,320,323,327.0,212,228,347.0
2003-07-03,205.0,156,256.2857142857143,330.0,250.0,315,184.66666666666666,288.0,225,227,353,389.0,315.0,190,312,317.0,442.0,323.0,322.0,250,137,305.0,251,337,263,315.0,229,125.0,250,273,170,312,334,325.0,211,244,338.0
2003-07-04,198.0,172,261.7142857142857,321.90909090909093,270.0,367,185.0,261.0,211,190,345,400.0,318.5,159,281,322.0,418.0,319.0,306.0,187,127,299.0,234,309,258,318.5,211,125.0,232,296,229,281,334,349.0,189,322,357.0
2003-07-05,200.0,163,267.14285714285717,313.8181818181818,220.0,340,187.0,167.0,225,175,349,328.0,322.0,166,316,322.0,405.0,316.0,283.0,208,79,323.0,241,225,279,322.0,257,109.0,272,317,218,316,335,317.0,228,339,346.0
2003-07-06,226.0,177,272.57142857142856,305.72727272727275,210.0,297,192.0,152.0,248,183,347,311.0,321.0,207,330,328.0,441.0,320.0,319.0,247,100,325.0,229,229,280,321.0,263,176.0,238,324,246,330,336,321.0,219,328,352.0
2003-07-07,230.0,189,278.0,297.6363636363636,250.0,280,197.0,185.0,274,208,350,363.0,324.0,215,342,328.0,417.0,317.0,326.0,187,133,310.0,219,236,275,324.0,275,232.0,230,337,250,342,338,310.0,239,328,360.0
2003-07-08,246.0,181,279.0,289.54545454545456,240.0,311,184.0,213.0,278,224,352,358.0,322.5,233,346,328.0,411.0,323.0,316.0,175,138,318.0,180,224,249,322.5,278,232.0,236,352,254,346,337,326.0,283,311,366.0
2003-07-09,254.0,182,280.0,281.45454545454544,260.0,314,183.0,204.0,277,216,344,352.0,321.0,218,333,317.0,397.0,319.0,326.0,230,139,334.0,175,258,259,321.0,277,212.0,272,358,253,333,324,341.0,283,328,381.0
2003-07-10,231.0,242,269.0,273.3636363636364,260.0,326,182.0,177.0,304,216,357,278.0,315.0,216,352,328.0,373.0,323.0,325.0,256,119,336.0,172,251,258,315.0,276,183.0,285,360,210,352,322,342.0,231,261,387.0
2003-07-11,233.0,195,264.0,265.27272727272725,310.0,337,187.0,179.0,315,274,340,289.0,317.0,194,364,322.0,432.0,330.0,325.0,299,116,346.0,178,204,253,317.0,272,154.0,271,372,266,364,328,332.0,266,300,369.0
